participant_id,study_id,session_id,condition,is_debug,exclude_reloaders,timestamp_0,browser_name,browser_version,os,consent,commitment_q,timestamp_1,timestamp_2,timestamp_3,timestamp_4,timestamp_5,timestamp_6,timestamp_7,timestamp_8,timestamp_9,timestamp_10,timestamp_11,timestamp_12,timestamp_13,timestamp_14,timestamp_15,timestamp_16,timestamp_17,timestamp_18,timestamp_19,timestamp_20,timestamp_21,timestamp_22,timestamp_23,timestamp_24,timestamp_25,timestamp_26,timestamp_27,timestamp_28,timestamp_29,timestamp_30,timestamp_31,timestamp_32,timestamp_33,timestamp_34,timestamp_35,timestamp_36,timestamp_37,timestamp_38,timestamp_39,timestamp_40,timestamp_41,timestamp_42,timestamp_43,timestamp_44,timestamp_45,timestamp_46,timestamp_47,timestamp_48,timestamp_49,timestamp_50,timestamp_51,timestamp_52,timestamp_53,timestamp_54,timestamp_55,timestamp_56,timestamp_57,timestamp_58,timestamp_59,timestamp_60,timestamp_61,timestamp_62,timestamp_63,timestamp_64,timestamp_65,timestamp_66,timestamp_67,timestamp_68,timestamp_69,timestamp_70,timestamp_71,timestamp_72,timestamp_73,timestamp_74,timestamp_75,timestamp_76,timestamp_77,timestamp_78,timestamp_79,timestamp_80,timestamp_81,timestamp_82,timestamp_83,timestamp_84,timestamp_85,timestamp_86,timestamp_87,timestamp_88,timestamp_89,timestamp_90,timestamp_91,timestamp_92,timestamp_93,timestamp_94,timestamp_95,beauvis0_bar_color,beauvis1_bar_color,beauvis2_bar_color,beauvis3_bar_color,beauvis4_bar_color,previs0_bar_color,previs1_bar_color,previs2_bar_color,previs3_bar_color,previs4_bar_color,previs5_bar_color,previs6_bar_color,previs7_bar_color,previs8_bar_color,previs9_bar_color,previs10_bar_color,beauvis0_pie_color,beauvis1_pie_color,beauvis2_pie_color,beauvis3_pie_color,beauvis4_pie_color,previs0_pie_color,previs1_pie_color,previs2_pie_color,previs3_pie_color,previs4_pie_color,previs5_pie_color,previs6_pie_color,previs7_pie_color,previs8_pie_color,previs9_pie_color,previs10_pie_color,timestamp_96,beauvis0_bar_geo,beauvis1_bar_geo,beauvis2_bar_geo,beauvis3_bar_geo,beauvis4_bar_geo,previs0_bar_geo,previs1_bar_geo,previs2_bar_geo,previs3_bar_geo,previs4_bar_geo,previs5_bar_geo,previs6_bar_geo,previs7_bar_geo,previs8_bar_geoprevis9_bar_geo,previs10_bar_geo,beauvis0_pie_geo,beauvis1_pie_geo,beauvis2_pie_geo,beauvis3_pie_geo,beauvis4_pie_geo,previs0_pie_geo,previs1_pie_geo,previs2_pie_geo,previs3_pie_geo,previs4_pie_geo,previs5_pie_geo,previs6_pie_geo,previs7_pie_geo,previs8_pie_geo,previs9_pie_geo,previs10_pie_geo,timestamp_97,beauvis0_bar_icon,beauvis1_bar_icon,beauvis2_bar_icon,beauvis3_bar_icon,beauvis4_bar_icon,previs0_bar_icon,previs1_bar_icon,previs2_bar_icon,previs3_bar_icon,previs4_bar_icon,previs5_bar_icon,previs6_bar_icon,previs7_bar_icon,previs8_bar_icon,previs9_bar_icon,previs10_bar_icon,beauvis0_pie_icon,beauvis1_pie_icon,beauvis2_pie_icon,beauvis3_pie_icon,beauvis4_pie_icon,previs0_pie_icon,previs1_pie_icon,previs2_pie_icon,previs3_pie_icon,previs4_pie_icon,previs5_pie_icon,previs6_pie_icon,previs7_pie_icon,previs8_pie_icon,previs9_pie_icon,previs10_pie_icon,timestamp_98,education,gender,ethnicity,age,fluency,attention_check,commitment_ver,distraction,optionalComments


ialmjuh,test_study_id,test_session_id,pie,false,1,1763173291530,Chrome,142.0.0.0,macOS,yes,provide,1763173301314,1763173305693,1763173365179,1763173370277,1763173392232,1763173403292,1763173407283,1763173409845,1763173416711,1763173424476,1763173431965,1763173436980,1763173441811,1763173445075,1763173450502,1763173457357,1763173461639,1763173468456,1763173472161,1763173486337,1763173494635,1763173500968,1763173503560,1763173509175,1763173514191,1763173521360,1763173525262,1763173529040,1763173532251,1763173536311,1763173541124,1763173543684,1763173548394,1763173550977,1763173562729,1763173573690,1763173577267,1763173579494,1763173584030,1763173588023,1763173592118,1763173595191,1763173599491,1763173603689,1763173606864,1763173610143,1763173613212,1763173616751,1763173620277,1763173624044,1763173630418,1763173636487,1763173638987,1763173640810,1763173644240,1763173647928,1763173651104,1763173655405,1763173658476,1763173663288,1763173667487,1763173670764,1763173672710,1763173675474,1763173677896,1763173683872,1763173688889,1763173694655,1763173696896,1763173699127,1763173703838,1763173707833,1763173711825,1763173714592,1763173717048,1763173720839,1763173723909,1763173728725,1763173735378,1763173737594,1763173742754,1763173746744,1763173753914,1763173755829,1763173760168,1763173762515,1763173765017,1763173768968,1763173771403,1763173775521,1763173779410,1763173782177,1763173785177,1763173788423,1763173790095,,,,,,,,,,,,,,,,,1,1,1,1,1,1,1,1,1,1,1,1,1,1,1,1,1763173838996,,,,,,,,,,,,,,,,2,2,2,2,2,3,3,3,3,3,3,3,3,3,3,3,1763173863681,,,,,,,,,,,,,,,,,4,4,4,4,4,7,7,7,7,7,7,7,7,7,7,7,1763173894415,none,male,white,18to24,native,Broccoli,all,attention,""
ohqrfkd,test_study_id,test_session_id,pie,false,1,1763176592422,Chrome,142.0.0.0,Windows,yes,provide,1763176599562,1763176601835,1763176629405,1763176637629,1763176648946,1763176655849,1763176665104,1763176667700,1763176674750,1763176677737,1763176681863,1763176685895,1763176689957,1763176696382,1763176699767,1763176703349,1763176712577,1763176715978,1763176721623,1763176727176,1763176729925,1763176735028,1763176736822,1763176740198,1763176744474,1763176747927,1763176752283,1763176755073,1763176757712,1763176762116,1763176765953,1763176770360,1763176773832,1763176776441,1763176779987,1763176785465,1763176788983,1763176790477,1763176793596,1763176796725,1763176799922,1763176804185,1763176807452,1763176810044,1763176813007,1763176816851,1763176820619,1763176823707,1763176826213,1763176829820,1763176834518,1763176837842,1763176847175,1763176848960,1763176852092,1763176855401,1763176858408,1763176862356,1763176865131,1763176868519,1763176871946,1763176875836,1763176879973,1763176882882,1763176885306,1763176888947,1763176892030,1763176895566,1763176897150,1763176899560,1763176901677,1763176904392,1763176907776,1763176911063,1763176913743,1763176916302,1763176920139,1763176923399,1763176926541,1763176928277,1763176933863,1763176938570,1763176954426,1763176955863,1763176958681,1763176962686,1763176964910,1763176968835,1763176972650,1763176976231,1763176978792,1763176981294,1763176984018,1763176986728,1763176988523,,,,,,,,,,,,,,,,,5,5,2,2,2,3,4,3,7,7,7,2,2,2,2,1,1763177053812,,,,,,,,,,,,,,,,1,1,1,1,1,3,3,3,1,1,1,1,1,1,1,1,1763177085122,,,,,,,,,,,,,,,,,5,5,5,5,5,7,7,7,3,2,4,7,7,7,7,7,1763177112979,bachelor,female,white,18to24,fluent,Broccoli,all,attention,""
agosyvi,test_study_id,test_session_id,bar,false,1,1763189362051,Chrome,140.0.0.0,macOS,yes,provide,1763189367101,1763189369883,1763189372829,1763189376780,1763189384469,1763189391354,1763189399082,1763189405796,1763189414085,1763189419790,1763189423990,1763189429271,1763189433394,1763189440119,1763189446993,1763189452333,1763189457442,1763189464643,1763189488581,1763189511252,1763189516310,1763189521509,1763189523528,1763189534722,1763189540941,1763189545865,1763189551626,1763189556202,1763189560910,1763189566696,1763189571458,1763189579327,1763189585109,1763189604179,1763189614591,1763189621858,1763189628143,1763189630645,1763189643061,1763189653890,1763189661215,1763189678420,1763189697137,1763189708552,1763189716947,1763189728525,1763189738494,1763189748773,1763189755498,1763189758883,1763189768476,1763189777297,1763189784429,1763189788978,1763189797999,1763189806714,1763189813552,1763189824797,1763189835624,1763189843095,1763189854501,1763189862202,1763189871310,1763189876927,1763189882196,1763189893270,1763189905205,1763189914002,1763189916311,1763189926397,1763189935013,1763189942988,1763189954919,1763189969333,1763189977594,1763189984142,1763189995835,1763190002766,1763190010912,1763190022294,1763190029727,1763190037028,1763190041171,1763190043228,1763190052137,1763190062715,1763190069403,1763190079246,1763190085870,1763190092179,1763190098295,1763190103742,1763190109540,1763190115328,1763190128811,4,4,4,4,4,6,6,6,6,6,3,6,6,3,6,6,,,,,,,,,,,,,,,,,1763190220330,2,2,6,2,2,3,4,4,2,2,2,6,6,,6,,,,,,,,,,,,,,,,,1763190317645,6,4,4,4,4,6,6,6,3,4,2,6,6,6,6,6,,,,,,,,,,,,,,,,,1763190383396,bachelor,male,hispanic,25to34,fluent,Broccoli,all,attention,"crashing page after completion on the first time"
fkzvuch,test_study_id,test_session_id,pie,false,1,1763353832903,Firefox,145.0,Windows,yes,provide,1763353847320,1763353851587,1763353895732,1763353930763,1763353984179,1763353992123,1763353998555,1763354002735,1763354009161,1763354016625,1763354022844,1763354029320,1763354033766,1763354042078,1763354048295,1763354053405,1763354057682,1763354061216,1763354078893,1763354087494,1763354094011,1763354100426,1763354101762,1763354106018,1763354109913,1763354115134,1763354118544,1763354124418,1763354130375,1763354133719,1763354137540,1763354141962,1763354146654,1763354150672,1763354158347,1763354164556,1763354177238,1763354205699,1763354213711,1763354220193,1763354224791,1763354229745,1763354233910,1763354237240,1763354242389,1763354247135,1763354251413,1763354255935,1763354372717,1763354375056,1763354390293,1763354396633,1763354400401,1763354402340,1763354408292,1763354414098,1763354417207,1763354420822,1763354424607,1763354426731,1763354429303,1763354434955,1763354438116,1763354442507,1763354447740,1763354452093,1763354454372,1763354457567,1763354458933,1763354461860,1763354463464,1763354466688,1763354469196,1763354472002,1763354474549,1763354478375,1763354481115,1763354483395,1763354486924,1763354489018,1763354495172,1763354497860,1763354500190,1763354501255,1763354505056,1763354507640,1763354511641,1763354514952,1763354517876,1763354520849,1763354524671,1763354529171,1763354533108,1763354539319,1763354542037,,,,,,,,,,,,,,,,,6,6,6,6,5,7,6,6,7,7,7,6,6,6,5,6,1763354603424,,,,,,,,,,,,,,,,6,5,5,4,4,6,1,3,3,3,3,4,4,4,3,4,1763354665073,,,,,,,,,,,,,,,,,6,3,4,3,2,5,2,4,1,1,1,4,1,2,4,6,1763354718378,bachelor,male,asian,18to24,fluent,Broccoli,all,attention,""
jqulntz,test_study_id,test_session_id,pie,false,1,1763400157429,Safari,17.6,macOS,yes,provide,1763400163484,1763400167032,1763400194248,1763400204048,1763400277050,1763400282713,1763400290554,1763400293397,1763400300504,1763400306277,1763400311564,1763400316302,1763400321652,1763400329939,1763400334340,1763400343361,1763400349970,1763400355712,1763400362950,1763400373125,1763400377646,1763400384261,1763400386295,1763400390691,1763400394176,1763400398912,1763400402936,1763400407894,1763400413302,1763400418644,1763400423641,1763400429162,1763400433720,1763400442246,1763400449922,1763400454766,1763400461719,1763400463812,1763400469063,1763400472335,1763400478396,1763400483802,1763400489768,1763400494379,1763400498680,1763400505748,1763400513837,1763400519150,1763400527912,1763400529196,1763400542493,1763400548239,1763400554968,1763400557912,1763400562715,1763400566560,1763400572431,1763400578104,1763400581318,1763400584157,1763400589377,1763400595530,1763400599635,1763400605442,1763400607662,1763400613197,1763400617215,1763400623230,1763400625211,1763400629359,1763400632358,1763400637137,1763400642583,1763400647314,1763400653671,1763400659662,1763400665660,1763400672087,1763400676641,1763400678728,1763400684479,1763400696747,1763400700121,1763400702264,1763400707235,1763400710099,1763400713654,1763400717259,1763400721218,1763400725766,1763400729503,1763400734016,1763400738919,1763400743700,1763400745311,,,,,,,,,,,,,,,,,3,4,3,2,2,3,6,6,7,7,7,2,2,2,3,2,1763400807094,,,,,,,,,,,,,,,,5,6,5,4,5,5,5,5,4,4,3,2,4,4,4,4,1763400836144,,,,,,,,,,,,,,,,,6,6,6,6,6,7,7,7,6,6,5,6,6,6,6,6,1763400883279,Currently in college,male,white,18to24,native,Broccoli,all,attention,"N/A"
vlbndmh,test_study_id,test_session_id,bar,false,1,1763446778963,Chrome,142.0.0.0,Windows,yes,provide,1763446784853,1763446787874,1763446818188,1763446823584,1763446856160,1763446861933,1763446868123,1763446871659,1763446877126,1763446882001,1763446887876,1763446892131,1763446897391,1763446902806,1763446907559,1763446911848,1763446916968,1763446922256,1763446928015,1763446934671,1763446947064,1763446949170,1763446952341,1763446959708,1763446968729,1763446970592,1763446972534,1763446973951,1763446976022,1763446977824,1763446979309,1763446981568,1763446983278,1763446986772,1763446992366,1763446995325,1763446997612,1763447000228,1763447006640,1763447010441,1763447013657,1763447016122,1763447019827,1763447023375,1763447028568,1763447030521,1763447032140,1763447034111,1763447037796,1763447039894,1763447041777,1763447046112,1763447047247,1763447049532,1763447053026,1763447055092,1763447056125,1763447057263,1763447058259,1763447059243,1763447060812,1763447062324,1763447063614,1763447064713,1763447067699,1763447073298,1763447074709,1763447076037,1763447078290,1763447080432,1763447082068,1763447083302,1763447084328,1763447085444,1763447086623,1763447087646,1763447088834,1763447089814,1763447092123,1763447094578,1763447101122,1763447103360,1763447107227,1763447109912,1763447111849,1763447112735,1763447113592,1763447114313,1763447115051,1763447115725,1763447116439,1763447117115,1763447117773,1763447118377,1763447120568,7,7,7,7,7,5,1,2,1,4,7,7,7,8,8,8,,,,,,,,,,,,,,,,,1763447153981,1,1,1,1,1,1,2,3,3,3,2,3,3,,3,,,,,,,,,,,,,,,,,1763447173273,1,1,1,1,1,1,1,2,2,3,2,4,2,3,4,4,,,,,,,,,,,,,,,,,1763447189078,accosiate,male,asian,18to24,intermediate,Broccoli,all,attention,"N/a
"
ovlndtq,test_study_id,test_session_id,bar,false,1,1763490343065,Chrome,142.0.0.0,Windows,yes,provide,1763490372860,1763490381494,1763490443840,1763490456371,1763490472316,1763490481452,1763490489642,1763490491655,1763490499985,1763490504799,1763490509865,1763490514266,1763490519447,1763490523435,1763490528961,1763490533262,1763490537667,1763490541456,1763490550083,1763490555792,1763490560296,1763490564289,1763490566425,1763490569615,1763490574124,1763490577807,1763490581906,1763490585910,1763490591147,1763490598288,1763490602805,1763490606886,1763490610065,1763490614040,1763490622350,1763490628599,1763490634947,1763490636845,1763490642425,1763490645802,1763490651229,1763490655429,1763490659422,1763490663622,1763490669147,1763490676622,1763490680410,1763490684621,1763490693124,1763490695029,1763490701745,1763490706851,1763490720557,1763490722277,1763490729155,1763490734175,1763490738476,1763490742982,1763490746769,1763490751376,1763490755990,1763490759979,1763490765303,1763490769092,1763490773462,1763490780559,1763490785238,1763490790599,1763490791941,1763490797110,1763490802989,1763490808518,1763490815559,1763490820393,1763490825410,1763490830737,1763490836164,1763490840774,1763490844766,1763490847899,1763490852242,1763490856056,1763490860024,1763490862015,1763490866375,1763490870263,1763490874451,1763490877962,1763490882346,1763490886034,1763490891664,1763490895965,1763490899347,1763490903030,1763490905883,3,3,3,3,3,7,7,7,7,7,7,7,7,7,7,7,,,,,,,,,,,,,,,,,1763490948626,1,1,1,1,1,1,6,6,2,2,2,2,2,,2,,,,,,,,,,,,,,,,,1763490996314,1,1,1,5,5,2,2,2,2,2,2,2,2,2,2,2,,,,,,,,,,,,,,,,,1763491029652,bachelor,female,white,18to24,native,Broccoli,all,attention,""
jzndiye,test_study_id,test_session_id,pie,false,1,1763562434444,Chrome,142.0.0.0,Windows,yes,provide,1763562892930,1763562895072,1763562923197,1763562931900,1763562964532,1763562972162,1763562980671,1763562982575,1763562990673,1763562999675,1763563009852,1763563016947,1763563023796,1763563030982,1763563037772,1763563043026,1763563052153,1763563059840,1763563065480,1763563073353,1763563078369,1763563084202,1763563089682,1763563097783,1763563105357,1763563112306,1763563119047,1763563125444,1763563129625,1763563133831,1763563139316,1763563142967,1763563148267,1763563153386,1763563159320,1763563170654,1763563175706,1763563177779,1763563183104,1763563189710,1763563192613,1763563195622,1763563200383,1763563204425,1763563209136,1763563213861,1763563221060,1763563224833,1763563233242,1763563235523,1763563241297,1763563245649,1763563249903,1763563252473,1763563256624,1763563261768,1763563265897,1763563271011,1763563274503,1763563279046,1763563284016,1763563288320,1763563293233,1763563296014,1763563298973,1763563303721,1763563310843,1763563314790,1763563317209,1763563322649,1763563329626,1763563334841,1763563339442,1763563342846,1763563346417,1763563351188,1763563357116,1763563366719,1763563374249,1763563376988,1763563382687,1763563388006,1763563392480,1763563395484,1763563401507,1763563404321,1763563410034,1763563414526,1763563417209,1763563421915,1763563426022,1763563432993,1763563439561,1763563443574,1763563445796,,,,,,,,,,,,,,,,,6,4,5,2,4,7,7,7,6,7,7,3,4,6,6,6,1763563491472,,,,,,,,,,,,,,,,6,4,5,2,4,7,6,6,2,2,2,4,5,2,3,3,1763563533183,,,,,,,,,,,,,,,,,2,2,2,2,2,7,7,2,1,1,1,3,3,2,3,2,1763563574189,bachelor,male,white,25to34,native,Broccoli,all,attention,""
vjysdme,test_study_id,test_session_id,bar,false,1,1763575680400,Chrome,142.0.0.0,macOS,yes,provide,1763575716287,1763575721899,1763575769102,1763575781948,1763575815224,1763575821519,1763575825380,1763575828279,1763575833647,1763575838471,1763575842861,1763575851559,1763575855133,1763575859482,1763575864968,1763575870358,1763575873685,1763575876477,1763575886147,1763575895425,1763575901888,1763575912977,1763575914797,1763575921990,1763575925794,1763575929067,1763575932592,1763575936476,1763575938729,1763575943917,1763575947770,1763575951262,1763575954500,1763575959662,1763575965713,1763575971562,1763575976297,1763575978133,1763575982640,1763575986009,1763575990294,1763575993979,1763575998514,1763576003629,1763576007804,1763576013560,1763576017627,1763576022066,1763576037032,1763576040361,1763576046435,1763576050255,1763576054133,1763576055845,1763576060306,1763576064254,1763576067363,1763576071143,1763576074514,1763576077675,1763576081836,1763576086010,1763576089806,1763576092598,1763576094978,1763576100618,1763576105619,1763576112285,1763576113544,1763576119619,1763576124082,1763576128443,1763576132099,1763576135777,1763576138401,1763576142999,1763576146780,1763576150461,1763576156114,1763576157928,1763576162230,1763576166598,1763576172428,1763576173577,1763576178827,1763576182293,1763576185602,1763576189736,1763576193209,1763576195914,1763576199372,1763576202338,1763576206517,1763576210484,1763576212361,7,7,7,7,7,7,7,7,7,7,7,7,7,7,7,7,,,,,,,,,,,,,,,,,1763576238317,2,2,2,2,2,3,6,6,1,1,1,1,1,,1,,,,,,,,,,,,,,,,,1763576281561,3,3,5,5,5,3,3,6,2,2,2,3,3,3,3,3,,,,,,,,,,,,,,,,,1763576318278,almost have my bachelors,female,white,18to24,native,Broccoli,all,attention,""
yxzhbcw,test_study_id,test_session_id,pie,false,1,1763613331066,Opera,123.0.0.0,Windows,yes,provide,1763613361569,1763613366348,1763613392143,1763613413553,1763613422225,1763613429786,1763613435756,1763613437907,1763613444900,1763613449999,1763613455411,1763613460963,1763613468181,1763613472609,1763613476907,1763613482603,1763613486141,1763613491213,1763613501413,1763613507275,1763613512083,1763613515813,1763613517947,1763613524445,1763613530036,1763613533905,1763613537943,1763613542210,1763613545145,1763613550239,1763613554101,1763613558538,1763613562540,1763613580738,1763613586917,1763613591150,1763613594012,1763613595622,1763613598655,1763613602726,1763613605660,1763613611097,1763613615190,1763613619469,1763613622133,1763613625081,1763613629017,1763613633859,1763613639763,1763613641971,1763613646274,1763613650948,1763613657828,1763613659079,1763613662305,1763613665389,1763613668575,1763613672258,1763613676818,1763613680450,1763613683781,1763613686756,1763613690289,1763613694053,1763613696264,1763613700748,1763613711340,1763613714875,1763613716188,1763613719819,1763613722839,1763613726267,1763613729548,1763613732181,1763613735198,1763613738977,1763613744835,1763613749209,1763613753188,1763613754999,1763613760102,1763613763881,1763613768148,1763613769751,1763613774637,1763613780010,1763613783844,1763613786843,1763613791120,1763613795882,1763613799911,1763613803777,1763613808429,1763613811199,1763613818788,,,,,,,,,,,,,,,,,4,3,5,4,5,7,3,6,6,7,7,7,7,7,7,7,1763613897976,,,,,,,,,,,,,,,,6,6,6,5,5,7,5,5,4,6,3,5,7,6,6,6,1763613978935,,,,,,,,,,,,,,,,,6,6,6,6,6,7,7,7,6,6,5,7,7,7,7,7,1763614033926,bachelor,male,white,18to24,native,Broccoli,all,attention,""
ueiwhyc,test_study_id,test_session_id,pie,false,1,1763665583268,Chrome,140.0.0.0,macOS,yes,provide,1763665597207,1763665601156,1763665642552,1763665656836,1763665680655,1763665686688,1763665691983,1763665694286,1763665700774,1763665707795,1763665714346,1763665720591,1763665725829,1763665731796,1763665738667,1763665744571,1763665749653,1763665754769,1763665762070,1763665778661,1763665783083,1763665787303,1763665788637,1763665794943,1763665798856,1763665803012,1763665808146,1763665811914,1763665816827,1763665824908,1763665831321,1763665835429,1763665840371,1763665845070,1763665850158,1763665855117,1763665861008,1763665862419,1763665867369,1763665871328,1763665876891,1763665880989,1763665885354,1763665888657,1763665891475,1763665895517,1763665901579,1763665906042,1763665915104,1763665917887,1763665988906,1763665993429,1763666008192,1763666010453,1763666013957,1763666018816,1763666023246,1763666025872,1763666028787,1763666032300,1763666037379,1763666040324,1763666043196,1763666046877,1763666048871,1763666051891,1763666055991,1763666059622,1763666061171,1763666066671,1763666069703,1763666074563,1763666078938,1763666082453,1763666085291,1763666089859,1763666093437,1763666099044,1763666103700,1763666106089,1763666110647,1763666114459,1763666119861,1763666120987,1763666125661,1763666128899,1763666132861,1763666137734,1763666141600,1763666145238,1763666148885,1763666152256,1763666158510,1763666162992,1763666165005,,,,,,,,,,,,,,,,,4,4,4,4,4,7,7,7,7,7,7,7,7,7,7,7,1763666221105,,,,,,,,,,,,,,,,6,6,5,5,6,6,6,6,6,7,4,3,5,4,5,5,1763666269072,,,,,,,,,,,,,,,,,6,5,5,5,5,2,6,6,1,1,1,2,2,2,2,2,1763666302840,bachelor,female,white,18to24,native,Broccoli,all,attention,"I for some reason did not realize that it was saying MORE when it switched to that so it really frustrated me when I couldnt get past the trial runs"
xkyejci,test_study_id,test_session_id,bar,false,1,1763671988438,Chrome,142.0.0.0,Windows,yes,provide,1763672004229,1763672019800,1763672107929,1763672137059,1763672162432,1763672182639,1763672191164,1763672194627,1763672213545,1763672223706,1763672233154,1763672240473,1763672249913,1763672259802,1763672269704,1763672274811,1763672281230,1763672291907,1763672313875,1763672322828,1763672326420,1763672339411,1763672342208,1763672348660,1763672353497,1763672361477,1763672367124,1763672374462,1763672379007,1763672382315,1763672389502,1763672394839,1763672399817,1763672407220,1763672413119,1763672417744,1763672422411,1763672424472,1763672430727,1763672435712,1763672441122,1763672446998,1763672453359,1763672458667,1763672462650,1763672466555,1763672470766,1763672474868,1763672495229,1763672500884,1763672514761,1763672521365,1763672527469,1763672529657,1763672535514,1763672538974,1763672543100,1763672546423,1763672550831,1763672554339,1763672559112,1763672563322,1763672568316,1763672571971,1763672575907,1763672581716,1763672585228,1763672589202,1763672590969,1763672595747,1763672601185,1763672605959,1763672609722,1763672613893,1763672617994,1763672621289,1763672625164,1763672632040,1763672636487,1763672641966,1763672659530,1763672663959,1763672671135,1763672672699,1763672683042,1763672689623,1763672695788,1763672700301,1763672708385,1763672717917,1763672724498,1763672730017,1763672738395,1763672768941,1763672773320,2,2,2,2,2,6,6,6,6,6,6,6,6,6,6,6,,,,,,,,,,,,,,,,,1763672872485,3,5,3,4,4,3,4,5,5,3,2,3,3,,2,,,,,,,,,,,,,,,,,1763672907489,6,6,6,7,7,3,3,5,3,2,2,2,2,2,2,2,,,,,,,,,,,,,,,,,1763672974036,bachelor,female,hispanic,18to24,native,Broccoli,all,attention,""
ybwelfj,test_study_id,test_session_id,bar,false,1,1763958761329,Chrome,142.0.0.0,Windows,yes,provide,1763958766025,1763958768710,1763958789470,1763958797384,1763958810972,1763958815744,1763958821723,1763958824082,1763958828429,1763958832686,1763958838879,1763958843365,1763958850968,1763958855282,1763958861008,1763958865384,1763958868916,1763958872675,1763958877165,1763958883063,1763958886134,1763958889015,1763958890958,1763958894125,1763958898650,1763958901667,1763958904049,1763958906894,1763958911493,1763958914496,1763958917248,1763958921255,1763958924135,1763958927688,1763958932404,1763958937976,1763958941940,1763958943622,1763958949178,1763958951977,1763958954487,1763958957423,1763958960489,1763958964476,1763958970281,1763958975499,1763958977311,1763958980845,1763958985255,1763958986689,1763958991451,1763958993779,1763958997320,1763958998965,1763959018209,1763959022525,1763959025528,1763959027819,1763959030530,1763959033716,1763959035469,1763959038217,1763959039895,1763959043164,1763959045438,1763959061011,1763959063392,1763959066458,1763959068220,1763959072907,1763959074438,1763959075739,1763959077868,1763959080685,1763959084291,1763959088310,1763959090929,1763959095278,1763959100182,1763959102195,1763959105858,1763959108331,1763959110246,1763959111877,1763959115159,1763959117204,1763959120759,1763959123852,1763959126065,1763959128360,1763959131432,1763959133968,1763959136337,1763959138443,1763959140578,6,6,6,6,6,6,6,6,7,7,7,6,6,6,5,5,,,,,,,,,,,,,,,,,1763959158194,6,6,6,6,6,6,6,6,6,6,6,6,6,,6,,,,,,,,,,,,,,,,,1763959188991,2,2,2,2,2,6,6,6,2,2,2,6,6,5,6,6,,,,,,,,,,,,,,,,,1763959212535,bachelor,male,white,18to24,native,Broccoli,all,attention,""
hqcjtae,test_study_id,test_session_id,bar,false,1,1764030899045,Chrome,142.0.0.0,macOS,yes,provide,1764030906510,1764030911074,1764030937790,1764030946573,1764030958814,1764030964104,1764030968188,1764030970439,1764030975188,1764030979371,1764030983910,1764030987321,1764030990691,1764030994861,1764030999806,1764031003747,1764031007717,1764031011102,1764031016838,1764031024604,1764031027951,1764031031553,1764031033389,1764031037148,1764031041174,1764031044616,1764031050596,1764031054013,1764031057349,1764031061569,1764031065095,1764031068650,1764031072066,1764031077538,1764031081454,1764031084670,1764031087978,1764031089374,1764031093087,1764031096274,1764031099207,1764031102759,1764031105892,1764031108633,1764031111331,1764031114068,1764031117335,1764031120611,1764031128606,1764031130707,1764031135898,1764031139949,1764031144146,1764031145571,1764031148478,1764031151756,1764031155576,1764031158378,1764031162001,1764031166469,1764031171327,1764031174747,1764031177718,1764031180828,1764031182588,1764031186270,1764031189232,1764031192347,1764031193937,1764031198516,1764031201423,1764031204440,1764031207558,1764031210943,1764031214481,1764031218317,1764031221132,1764031224292,1764031227219,1764031228637,1764031233057,1764031236065,1764031238982,1764031240170,1764031244517,1764031248082,1764031250973,1764031253683,1764031257909,1764031261707,1764031265800,1764031269470,1764031273075,1764031275834,1764031281187,3,3,3,3,3,6,6,6,7,7,7,6,4,6,6,6,,,,,,,,,,,,,,,,,1764031313321,2,2,2,2,2,3,2,3,2,2,2,2,2,,2,,,,,,,,,,,,,,,,,1764031337556,2,5,2,2,2,3,5,2,2,2,2,2,2,2,3,2,,,,,,,,,,,,,,,,,1764031363770,bachelor,female,asian,18to24,native,Broccoli,all,attention,""
gmsjizx,test_study_id,test_session_id,bar,false,1,1764032906121,Chrome,142.0.0.0,Windows,yes,provide,1764032919691,1764032972738,1764033002054,1764033007818,1764033033310,1764033055306,1764033060081,1764033061710,1764033065706,1764033070484,1764033075284,1764033078205,1764033082039,1764033084379,1764033088396,1764033091352,1764033093885,1764033098729,1764033104829,1764033110146,1764033112715,1764033116234,1764033117845,1764033121508,1764033124956,1764033129048,1764033132723,1764033138306,1764033141312,1764033145708,1764033150683,1764033155302,1764033160362,1764033162301,1764033165131,1764033168691,1764033172059,1764033173391,1764033175425,1764033178041,1764033180884,1764033182823,1764033186829,1764033189188,1764033192432,1764033197234,1764033200179,1764033203133,1764033207736,1764033208387,1764033213802,1764033216913,1764033223228,1764033224668,1764033228878,1764033233356,1764033236700,1764033238959,1764033241189,1764033244162,1764033246806,1764033249739,1764033253537,1764033259003,1764033260785,1764033265008,1764033268658,1764033271462,1764033272767,1764033277033,1764033281447,1764033284707,1764033286981,1764033289608,1764033293678,1764033296758,1764033299194,1764033303130,1764033307712,1764033309647,1764033314316,1764033318262,1764033323457,1764033324968,1764033328664,1764033332989,1764033336967,1764033338996,1764033343504,1764033345677,1764033348580,1764033351561,1764033353584,1764033358287,1764033360502,7,7,7,7,7,7,7,7,7,7,7,7,7,7,7,7,,,,,,,,,,,,,,,,,1764033442449,2,2,2,2,2,6,6,6,2,2,2,3,3,,6,,,,,,,,,,,,,,,,,1764033466094,2,2,2,2,2,2,2,2,2,2,2,2,2,2,2,2,,,,,,,,,,,,,,,,,1764033481722,bachelor,male,white,18to24,native,Broccoli,all,attention,""
bxjlymv,test_study_id,test_session_id,pie,false,1,1764084933048,Chrome,142.0.0.0,macOS,yes,provide,1764084985817,1764084993142,1764085035628,1764085052343,1764085065381,1764085081880,1764085090773,1764085093352,1764085104192,1764085112239,1764085120838,1764085126079,1764085132963,1764085137542,1764085141860,1764085151278,1764085156523,1764085161845,1764085174096,1764085188257,1764085199967,1764085208797,1764085213045,1764085219791,1764085225583,1764085232068,1764085240091,1764085246396,1764085251604,1764085256671,1764085263215,1764085269985,1764085274431,1764085277664,1764085289639,1764085294763,1764085311749,1764085313268,1764085318828,1764085325270,1764085331954,1764085337057,1764085345448,1764085350974,1764085357120,1764085363476,1764085371461,1764085376287,1764086016647,1764086022655,1764086029893,1764086035940,1764086039691,1764086041575,1764086047290,1764086053115,1764086058243,1764086064664,1764086069246,1764086074793,1764086079498,1764086083280,1764086088795,1764086094813,1764086097912,1764086110517,1764086113540,1764086122207,1764086123846,1764086128083,1764086133429,1764086138371,1764086143031,1764086149586,1764086154942,1764086158060,1764086164410,1764086168674,1764086172991,1764086175212,1764086181492,1764086186316,1764086199448,1764086200729,1764086205313,1764086208854,1764086213319,1764086218633,1764086222058,1764086226584,1764086230490,1764086235618,1764086241971,1764086248164,1764086250310,,,,,,,,,,,,,,,,,2,2,2,2,2,5,5,5,5,5,5,1,1,1,2,5,1764086330560,,,,,,,,,,,,,,,,3,3,3,3,3,2,3,6,2,2,1,5,3,2,3,3,1764086377653,,,,,,,,,,,,,,,,,5,5,5,5,5,5,5,5,3,3,3,3,3,5,5,5,1764086428755,Some college,female,white,18to24,fluent,Broccoli,all,sometimes,""
nbmsjcx,test_study_id,test_session_id,pie,false,1,1764116970729,Chrome,142.0.0.0,Windows,yes,provide,1764116986812,1764116989460,1764116992850,1764116993829,1764117120554,1764117155386,1764117168835,1764117172151,1764117179229,1764117184493,1764117188265,1764117193259,1764117196618,1764117200423,1764117204139,1764117207072,1764117210530,1764117213634,1764117217462,1764117223364,1764117233477,1764117238545,1764117241187,1764117244264,1764117248779,1764117251228,1764117254547,1764117256941,1764117260466,1764117263885,1764117268436,1764117272336,1764117275752,1764117278875,1764117291413,1764117296446,1764117301028,1764117303474,1764117306418,1764117308720,1764117312854,1764117316644,1764117320086,1764117323225,1764117327031,1764117330138,1764117333811,1764117337437,1764117345998,1764117346612,1764117351673,1764117356991,1764117361362,1764117364099,1764117367916,1764117371379,1764117374356,1764117377143,1764117380045,1764117383019,1764117385952,1764117389381,1764117394012,1764117397751,1764117399925,1764117404870,1764117407921,1764117411225,1764117413412,1764117416797,1764117420531,1764117422968,1764117428212,1764117433005,1764117435482,1764117440478,1764117443164,1764117446455,1764117448745,1764117451200,1764117456482,1764117459099,1764117463240,1764117465339,1764117470330,1764117473576,1764117476588,1764117481814,1764117488058,1764117492337,1764117497949,1764117502463,1764117508428,1764117512390,1764117515115,,,,,,,,,,,,,,,,,4,4,4,4,4,4,4,4,4,4,4,4,4,4,4,4,1764117541470,,,,,,,,,,,,,,,,4,4,4,4,4,4,4,4,4,4,4,4,4,4,4,4,1764117557288,,,,,,,,,,,,,,,,,5,5,5,5,5,6,5,5,7,6,5,4,4,5,6,7,1764117569538,bachelor,male,asian,18to24,intermediate,Broccoli,sometimes,sometimes,""
zevwins,test_study_id,test_session_id,bar,false,1,1764123158672,Chrome,138.0.0.0,macOS,yes,provide,1764123228658,1764123233154,1764123275806,1764123289198,1764123322008,1764123328534,1764123335044,1764123337208,1764123344871,1764123351502,1764123362224,1764123367317,1764123371661,1764123377281,1764123382582,1764123387924,1764123391699,1764123396170,1764123418003,1764123426950,1764123432142,1764123436952,1764123441114,1764123449467,1764123454630,1764123459294,1764123469771,1764123476102,1764123480852,1764123485763,1764123490736,1764123495824,1764123500177,1764123505416,1764123511369,1764123514445,1764123518239,1764123521112,1764123528269,1764123532660,1764123540416,1764123544952,1764123549077,1764123553839,1764123557842,1764123563371,1764123567710,1764123571651,1764123598714,1764123601776,1764123606747,1764123611361,1764123617076,1764123618647,1764123623989,1764123629163,1764123633534,1764123638000,1764123644695,1764123649023,1764123655782,1764123661613,1764123667428,1764123671660,1764123674129,1764123679000,1764123682480,1764123686732,1764123688249,1764123695791,1764123701179,1764123706076,1764123710963,1764123716540,1764123720927,1764123724871,1764123729239,1764123736168,1764123741107,1764123744393,1764123750294,1764123756476,1764123763003,1764123764869,1764123778246,1764123783970,1764123792942,1764123798854,1764123804259,1764123810195,1764123814999,1764123821532,1764123826401,1764123830212,1764123836698,6,6,6,6,6,7,7,7,7,7,7,7,7,7,7,7,,,,,,,,,,,,,,,,,1764123901484,2,2,2,2,2,6,6,6,2,2,2,5,5,,5,,,,,,,,,,,,,,,,,1764123928914,5,5,6,6,5,6,6,6,3,3,3,6,4,4,4,4,,,,,,,,,,,,,,,,,1764123967710,Some college,male,white,18to24,native,Broccoli,all,attention,"I thought it was funny picking different fruits and vegetables"
idupafk,test_study_id,test_session_id,pie,false,1,1764129140035,Chrome,142.0.0.0,Windows,yes,provide,1764129151003,1764129154186,1764129457677,1764129480197,1764129545613,1764129553109,1764129559404,1764129572706,1764129579098,1764129584193,1764129590367,1764129595047,1764129599143,1764129603838,1764129608759,1764129613492,1764129619631,1764129623884,1764129662097,1764129723345,1764129728329,1764129732760,1764129734890,1764129744513,1764129752219,1764129756943,1764129764182,1764129772899,1764129776225,1764129780984,1764129791258,1764129795580,1764129801109,1764129809076,1764129814614,1764129825487,1764129828742,1764129831052,1764129841555,1764129847275,1764129852189,1764129855684,1764129859204,1764129863607,1764129869505,1764129874034,1764129876643,1764129881264,1764129905108,1764129909707,1764129919868,1764129923894,1764129928249,1764129930769,1764129936756,1764129941461,1764129946324,1764129951382,1764129957028,1764129960910,1764129965231,1764129969325,1764129973138,1764129976192,1764129979555,1764129992453,1764130031543,1764130035533,1764130038491,1764130046501,1764130051526,1764130055044,1764130059540,1764130063924,1764130068172,1764130073723,1764130078510,1764130081655,1764130085757,1764130089500,1764130095622,1764130105608,1764130109089,1764130111143,1764130117133,1764130120062,1764130123313,1764130126687,1764130129371,1764130134709,1764130141382,1764130156544,1764130159002,1764130163016,1764130165386,,,,,,,,,,,,,,,,,5,5,5,5,5,7,7,7,7,7,7,7,7,7,7,7,1764130181455,,,,,,,,,,,,,,,,5,5,5,5,5,6,6,6,6,6,6,6,6,6,6,6,1764130197474,,,,,,,,,,,,,,,,,7,4,6,5,5,7,6,7,6,6,5,6,7,7,6,7,1764130218508,bachelor,female,asian,18to24,fluent,Broccoli,all,attention,""
ribolpj,test_study_id,test_session_id,pie,false,1,1764139262227,Chrome,142.0.0.0,Windows,yes,provide,1764139270430,1764139281226,1764139391987,1764139416384,1764139435284,1764139448003,1764139455173,1764139457190,1764139465733,1764139471071,1764139475156,1764139481467,1764139489052,1764139493688,1764139498980,1764139503989,1764139508941,1764139513221,1764139527003,1764139533949,1764139537839,1764139540692,1764139542487,1764139545672,1764139548975,1764139553057,1764139556541,1764139560178,1764139563970,1764139568031,1764139570492,1764139574581,1764139578447,1764139587677,1764139592523,1764139595480,1764139598510,1764139600498,1764139606079,1764139608822,1764139611855,1764139616434,1764139620208,1764139624111,1764139627521,1764139630744,1764139635299,1764139638247,1764139644674,1764139646467,1764139651201,1764139655360,1764139659148,1764139661499,1764139665478,1764139668363,1764139671935,1764139676322,1764139680759,1764139685822,1764139689909,1764139694716,1764139701392,1764139702513,1764139704185,1764139717269,1764139721567,1764139725279,1764139727233,1764139730900,1764139733824,1764139738732,1764139742109,1764139745411,1764139749478,1764139754019,1764139756993,1764139760881,1764139764753,1764139766764,1764139771633,1764139777387,1764139787301,1764139788344,1764139792257,1764139796658,1764139800397,1764139803195,1764139806997,1764139810514,1764139815668,1764139821604,1764139828046,1764139829512,1764139831023,,,,,,,,,,,,,,,,,4,3,2,1,1,1,2,3,7,7,7,1,1,1,1,1,1764139914850,,,,,,,,,,,,,,,,6,7,5,5,7,6,4,3,4,4,3,5,2,4,1,1,1764139981413,,,,,,,,,,,,,,,,,6,6,6,7,3,7,6,7,4,3,4,7,7,7,6,6,1764140031709,High School degree,female,asian,18to24,fluent,Broccoli,all,attention,""
yvnfhsc,test_study_id,test_session_id,bar,false,1,1764182325604,Microsoft Edge,142.0.0.0,Windows,yes,provide,1764182346649,1764182349561,1764182419719,1764182430595,1764182456602,1764182463950,1764182492235,1764182497986,1764182507196,1764182511510,1764182517176,1764182525889,1764182530563,1764182536579,1764182542509,1764182547255,1764182553190,1764182559210,1764182568483,1764182575274,1764182580676,1764182586437,1764182588321,1764182592832,1764182599350,1764182603540,1764182607993,1764182614594,1764182620392,1764182624371,1764182628390,1764182633394,1764182638436,1764182642068,1764182649794,1764182678826,1764182682815,1764182686340,1764182694772,1764182699111,1764182703451,1764182707916,1764182715963,1764182723573,1764182728480,1764182733165,1764182736634,1764182742105,1764182757474,1764182760095,1764182766881,1764182781325,1764182787204,1764182788816,1764182794539,1764182799467,1764182803458,1764182807728,1764182813799,1764182819046,1764182823915,1764182828090,1764182832636,1764182837665,1764182840025,1764182845815,1764182851724,1764182858667,1764182860796,1764182865406,1764182870395,1764182875004,1764182880943,1764182886056,1764182889542,1764182893281,1764182897248,1764182900522,1764182903933,1764182906411,1764182918157,1764182922144,1764182929479,1764182930491,1764182936035,1764182940569,1764182945233,1764182950872,1764182955120,1764182959895,1764182966068,1764182973588,1764182979960,1764182984287,1764182986000,4,4,4,4,4,7,7,7,7,7,7,7,7,7,7,7,,,,,,,,,,,,,,,,,1764183056851,1,1,7,1,1,1,1,7,1,4,1,1,1,,1,,,,,,,,,,,,,,,,,1764183098189,3,5,3,3,3,4,3,4,3,2,2,3,3,3,3,3,,,,,,,,,,,,,,,,,1764183141364,none,female,asian,18to24,native,Broccoli,all,attention,""
lnbkhse,test_study_id,test_session_id,bar,false,1,1764185348288,Chrome,142.0.0.0,macOS,yes,provide,1764185396421,1764185399860,1764185445630,1764185484852,1764185515452,1764185523474,1764185529851,1764185532672,1764185540708,1764185547200,1764185553702,1764185558818,1764185563838,1764185567472,1764185571288,1764185575929,1764185579844,1764185585779,1764185595550,1764185600956,1764185605717,1764185609267,1764185610696,1764185614760,1764185618938,1764185622754,1764185626854,1764185630959,1764185634432,1764185639910,1764185643533,1764185647687,1764185650983,1764185669951,1764185677624,1764185680743,1764185685652,1764185687207,1764185691772,1764185696531,1764185700215,1764185704582,1764185708374,1764185712914,1764185716394,1764185719760,1764185724869,1764185728063,1764185742206,1764185744810,1764185750896,1764185755387,1764185759679,1764185762030,1764185766800,1764185771373,1764185775325,1764185781462,1764185786705,1764185790585,1764185793727,1764185798454,1764185802829,1764185805962,1764185810424,1764185815256,1764185819545,1764185824317,1764185825953,1764185830743,1764185833776,1764185837614,1764185841464,1764185845667,1764185850828,1764185854354,1764185857878,1764185862451,1764185866109,1764185868712,1764185873787,1764185876514,1764185879136,1764185880665,1764185884444,1764185888413,1764185891451,1764185894515,1764185897552,1764185900827,1764185905099,1764185908485,1764185912719,1764185916171,1764185919822,4,7,7,7,6,7,7,7,7,7,7,7,7,7,7,7,,,,,,,,,,,,,,,,,1764185994331,6,5,5,5,5,7,7,6,6,6,6,5,6,,6,,,,,,,,,,,,,,,,,1764186057965,4,2,2,7,1,5,5,2,1,2,1,5,4,6,5,5,,,,,,,,,,,,,,,,,1764186086501,High School Degree,male,asian,18to24,native,Broccoli,all,attention,"Since I'm used to seeing the monotone graph, it felt the best. I got a small headache from the one with the pictures of the veggies. The design one was fine."
txjhcfs,test_study_id,test_session_id,bar,false,1,1764193848704,Safari,18.6,macOS,yes,provide,1764193861351,1764193865098,1764193937380,1764193958564,1764193976531,1764193982257,1764193986530,1764193996746,1764194002724,1764194007564,1764194013658,1764194019801,1764194025553,1764194031437,1764194036706,1764194041966,1764194048066,1764194052678,1764194069462,1764194080679,1764194085640,1764194099413,1764194109812,1764194114111,1764194117658,1764194121782,1764194126740,1764194130926,1764194135147,1764194140226,1764194146681,1764194150979,1764194155899,1764194164996,1764194189391,1764194196143,1764194200476,1764194229328,1764194234225,1764194239140,1764194243753,1764194249585,1764194255214,1764194259568,1764194263103,1764194265779,1764194269555,1764194273862,1764194292961,1764194295478,1764194305498,1764194312611,1764194315487,1764194343494,1764194347296,1764194350359,1764194354680,1764194358340,1764194363015,1764194366632,1764194371554,1764194374921,1764194379943,1764194383394,1764194386077,1764194398105,1764194401984,1764194411175,1764194413093,1764194417935,1764194421636,1764194426536,1764194431069,1764194434833,1764194439135,1764194445274,1764194453296,1764194457587,1764194461563,1764194464044,1764194485646,1764194494229,1764194498442,1764194520165,1764194524451,1764194528922,1764194533709,1764194538333,1764194542593,1764194546896,1764194550534,1764194554208,1764194558233,1764194562435,1764194577465,2,2,2,2,2,5,5,5,6,6,7,6,6,3,5,5,,,,,,,,,,,,,,,,,1764194650664,4,4,4,4,4,4,4,5,4,3,3,5,5,,5,,,,,,,,,,,,,,,,,1764194702929,5,5,5,6,6,6,6,7,6,7,7,7,7,7,7,7,,,,,,,,,,,,,,,,,1764194746028,currently enrolled in bachelor's degree,male,white,18to24,native,Broccoli,all,attention,"the last plots took some time to load might be because I am on a hotspot."
bdotqhk,test_study_id,test_session_id,bar,false,1,1764195618390,Chrome,142.0.0.0,Windows,yes,provide,1764195774414,1764195776748,1764195903572,1764195917536,1764195927414,1764195932269,1764195937958,1764195940711,1764195946195,1764195949730,1764195953425,1764195959073,1764195963541,1764195966747,1764195972029,1764195977431,1764195982001,1764195988031,1764195994669,1764195998943,1764196002548,1764196005583,1764196007957,1764196011810,1764196014342,1764196018374,1764196022968,1764196026406,1764196030188,1764196034285,1764196037550,1764196042518,1764196045147,1764196049326,1764196056190,1764196060023,1764196064860,1764196066205,1764196071584,1764196074790,1764196078306,1764196082019,1764196085138,1764196088645,1764196092122,1764196096226,1764196099705,1764196103881,1764196108415,1764196110777,1764196116405,1764196120613,1764196124769,1764196126027,1764196128850,1764196132886,1764196136011,1764196140363,1764196143314,1764196147874,1764196151733,1764196158368,1764196165213,1764196169319,1764196171035,1764196174875,1764196177854,1764196182453,1764196183851,1764196188448,1764196192178,1764196194530,1764196198488,1764196202823,1764196207057,1764196211028,1764196215514,1764196219213,1764196222362,1764196224252,1764196235707,1764196238865,1764196243360,1764196244758,1764196249343,1764196253728,1764196256794,1764196260082,1764196262978,1764196266241,1764196270317,1764196272483,1764196276320,1764196280636,1764196285382,6,6,6,6,6,6,6,6,7,7,7,6,6,5,6,6,,,,,,,,,,,,,,,,,1764196354302,4,3,3,5,4,5,5,6,2,3,2,5,5,,6,,,,,,,,,,,,,,,,,1764196434110,4,5,6,5,4,6,6,6,4,3,2,6,7,7,6,6,,,,,,,,,,,,,,,,,1764196484025,Undergrad,male,asian,18to24,native,Broccoli,all,attention,""
aofvwlu,test_study_id,test_session_id,bar,false,1,1764202773380,Microsoft Edge,142.0.0.0,Windows,yes,provide,1764202791821,1764202797806,1764202848106,1764202866781,1764202893885,1764202912297,1764202917518,1764202920171,1764202926673,1764202930062,1764202934017,1764202938077,1764202943293,1764202947212,1764202953538,1764202959297,1764202963286,1764202966194,1764202970136,1764202975096,1764202981098,1764202985462,1764202987672,1764202993264,1764202998197,1764203003619,1764203008052,1764203011378,1764203015563,1764203020038,1764203024162,1764203028505,1764203032783,1764203039173,1764203045434,1764203050645,1764203055665,1764203057569,1764203064382,1764203070850,1764203073051,1764203077809,1764203082188,1764203086497,1764203091313,1764203096153,1764203101518,1764203107997,1764203115706,1764203117866,1764203123771,1764203127999,1764203138326,1764203140130,1764203145939,1764203150171,1764203154735,1764203160520,1764203166902,1764203172653,1764203177924,1764203181747,1764203186619,1764203191242,1764203194107,1764203204633,1764203209139,1764203214104,1764203216043,1764203220688,1764203225048,1764203229780,1764203233780,1764203238463,1764203244028,1764203249100,1764203254676,1764203258404,1764203263001,1764203265207,1764203271212,1764203278168,1764203290642,1764203292864,1764203297797,1764203302611,1764203306218,1764203309914,1764203314014,1764203317963,1764203321538,1764203326611,1764203330694,1764203334460,1764203337526,6,6,6,6,6,6,6,6,6,6,6,6,6,5,5,6,,,,,,,,,,,,,,,,,1764203412322,4,4,3,4,4,6,6,6,4,4,4,4,6,,6,,,,,,,,,,,,,,,,,1764203477652,4,4,4,4,4,7,7,7,5,3,5,5,7,5,5,6,,,,,,,,,,,,,,,,,1764203504282,bachelor,none,asian,18to24,fluent,Broccoli,all,attention,""
lzfckxw,test_study_id,test_session_id,bar,false,1,1764204971788,Chrome,142.0.0.0,Windows,yes,provide,1764204981412,1764204984062,1764209615252,1764209618793,1764209628211,1764209636380,1764209640075,1764209643201,1764209648372,1764209655549,1764209660815,1764209666866,1764209672190,1764209677056,1764209680304,1764209685989,1764209689024,1764209692642,1764209698502,1764209705060,1764209708459,1764209712921,1764209715542,1764209723162,1764209726508,1764209729507,1764209732704,1764209739121,1764209743814,1764209764961,1764209773165,1764209776517,1764209778766,1764209782205,1764209786682,1764209789147,1764209792659,1764209795401,1764209801732,1764209804328,1764209808705,1764209811087,1764209815323,1764209821181,1764209824159,1764209828742,1764209831989,1764209835670,1764209839154,1764209840597,1764209914378,1764209923583,1764209930338,1764209932550,1764209934828,1764209935674,1764209936081,1764209936439,1764209936778,1764209937186,1764209937606,1764209938488,1764209938715,1764209939186,1764209941716,1764209943464,1764209943869,1764209944280,1764209946366,1764209947976,1764209948323,1764209948758,1764209949086,1764209949510,1764209949831,1764209950206,1764209950587,1764209950992,1764209951387,1764209953781,1764209956888,1764209958274,1764209958668,1764209960822,1764209962181,1764209962577,1764209962951,1764209963350,1764209963726,1764209964102,1764209964514,1764209964923,1764209965351,1764209965741,1764209967755,6,6,6,6,6,7,7,7,7,7,7,7,7,7,7,7,,,,,,,,,,,,,,,,,1764209988257,6,6,6,6,6,7,7,7,7,7,7,7,7,,7,,,,,,,,,,,,,,,,,1764210005799,7,7,7,7,7,7,7,7,7,7,7,7,7,7,7,7,,,,,,,,,,,,,,,,,1764210021866,bachelor,male,asian,18to24,fluent,Broccoli,sometimes,sometimes,""
ueapycj,test_study_id,test_session_id,bar,false,1,1764216240461,Chrome,142.0.0.0,macOS,yes,provide,1764216244144,1764216254594,1764216289169,1764216308755,1764216337061,1764216363544,1764216369409,1764216371093,1764216377146,1764216384391,1764216388855,1764216391755,1764216397207,1764216400723,1764216404720,1764216411273,1764216416776,1764216421907,1764216429837,1764216434267,1764216439615,1764216444535,1764216446423,1764216453320,1764216456678,1764216461154,1764216464299,1764216467806,1764216470895,1764216476361,1764216480439,1764216486191,1764216491556,1764216494371,1764216498360,1764216507898,1764216525356,1764216527860,1764216531898,1764216534945,1764216538782,1764216542574,1764216547201,1764216550097,1764216554388,1764216556831,1764216559986,1764216564085,1764216570148,1764216571527,1764216578485,1764216582677,1764216588668,1764216590173,1764216593004,1764216597406,1764216602188,1764216605184,1764216609330,1764216613603,1764216618443,1764216621828,1764216626152,1764216630360,1764216632181,1764216636719,1764216644058,1764216650075,1764216651353,1764216656201,1764216660083,1764216664227,1764216668509,1764216672077,1764216674726,1764216678714,1764216683710,1764216689381,1764216693157,1764216695880,1764216705407,1764216706698,1764216709125,1764216710931,1764216715748,1764216719370,1764216725721,1764216730199,1764216734725,1764216737853,1764216741636,1764216745128,1764216748760,1764216752522,1764216753901,4,4,4,4,4,7,7,7,7,7,7,7,7,7,7,7,,,,,,,,,,,,,,,,,1764216788746,3,3,3,3,3,7,7,7,3,3,3,7,7,,3,,,,,,,,,,,,,,,,,1764216816683,2,2,2,2,2,6,6,6,2,2,2,7,6,2,2,2,,,,,,,,,,,,,,,,,1764216841851,bachelor,male,asian,25to34,fluent,Broccoli,all,attention,""
vbmpyoh,test_study_id,test_session_id,pie,false,1,1764217520522,Chrome,141.0.0.0,Windows,yes,provide,1764217525113,1764217527696,1764217543760,1764217548577,1764217557296,1764217563383,1764217576767,1764217578364,1764217584102,1764217586872,1764217590057,1764217593143,1764217598160,1764217601371,1764217605080,1764217609294,1764217613045,1764217617616,1764217622768,1764217629765,1764217634011,1764217637620,1764217639141,1764217644125,1764217649444,1764217653236,1764217659204,1764217662107,1764217665165,1764217667821,1764217671134,1764217673786,1764217676718,1764217680147,1764217686261,1764217693319,1764217696427,1764217698040,1764217701531,1764217708852,1764217711953,1764217714843,1764217718246,1764217721469,1764217724649,1764217728027,1764217731914,1764217735977,1764217740412,1764217742121,1764217752595,1764217756093,1764217759300,1764217761027,1764217764648,1764217767859,1764217771290,1764217773995,1764217776263,1764217779797,1764217781992,1764217784723,1764217790192,1764217795083,1764217831472,1764217836401,1764217840466,1764217842664,1764217844195,1764217847197,1764217850205,1764217853532,1764217855386,1764217859385,1764217862608,1764217865867,1764217869439,1764217871699,1764217874571,1764217877491,1764217880641,1764217884841,1764217887699,1764217889483,1764217893075,1764217897350,1764217899792,1764217903011,1764217906285,1764217909792,1764217912730,1764217915509,1764217918813,1764217921493,1764217923602,,,,,,,,,,,,,,,,,4,4,3,3,3,7,7,7,6,6,5,7,7,7,7,6,1764217974048,,,,,,,,,,,,,,,,5,5,5,4,5,7,7,7,3,3,4,7,7,7,7,7,1764218005674,,,,,,,,,,,,,,,,,6,6,6,4,6,7,7,7,6,2,7,7,7,7,7,7,1764218034679,college but no degree,male,white,18to24,native,Broccoli,all,attention,"nope."
kintsyd,test_study_id,test_session_id,pie,false,1,1764220751980,Chrome,142.0.0.0,Windows,yes,provide,1764220770597,1764220772799,1764220817744,1764220840683,1764220853608,1764220860962,1764220867699,1764220870442,1764220876505,1764220884574,1764220889193,1764220894272,1764220898660,1764220902652,1764220908750,1764220913381,1764220918933,1764220922787,1764221018335,1764221024779,1764221031883,1764221038033,1764221039697,1764221045149,1764221050617,1764221056948,1764221061527,1764221081984,1764221087164,1764221091627,1764221095804,1764221102979,1764221108754,1764221114908,1764221121425,1764221124986,1764221131149,1764221132649,1764221139403,1764221143072,1764221153803,1764221161847,1764221167171,1764221171190,1764221175767,1764221180435,1764221185629,1764221189918,1764221197006,1764221199582,1764221216160,1764221220229,1764221226577,1764221228103,1764221232781,1764221238443,1764221243338,1764221249473,1764221251886,1764221255744,1764221259672,1764221264607,1764221269545,1764221273683,1764221275965,1764221280283,1764221284038,1764221288142,1764221289361,1764221293326,1764221296849,1764221301262,1764221305522,1764221307774,1764221310947,1764221315518,1764221321376,1764221328514,1764221332387,1764221334231,1764221339254,1764221342678,1764221346432,1764221349211,1764221354990,1764221358751,1764221363401,1764221367180,1764221373186,1764221377334,1764221381759,1764221385746,1764221390405,1764221394912,1764221398893,,,,,,,,,,,,,,,,,7,7,7,7,7,7,7,7,7,7,7,7,7,5,7,7,1764221485588,,,,,,,,,,,,,,,,1,2,2,2,2,5,6,6,1,1,1,5,1,5,5,5,1764221517266,,,,,,,,,,,,,,,,,5,5,3,1,3,7,7,6,1,1,1,7,3,5,5,4,1764221579869,High School In College for Bachelor's,Non-Binary,white,18to24,native,Broccoli,all,attention,"It was fun to do"
zntkjpw,test_study_id,test_session_id,pie,false,1,1764299189305,Chrome,142.0.0.0,macOS,yes,provide,1764299210148,1764299222514,1764299286284,1764299299639,1764299318241,1764299339847,1764299344623,1764299352274,1764299360736,1764299370566,1764299373888,1764299379271,1764299382231,1764299392992,1764299400456,1764299403949,1764299408761,1764299413716,1764299428869,1764299435310,1764299439980,1764299444927,1764299447525,1764299451139,1764299456461,1764299461085,1764299465377,1764299473817,1764299483484,1764299488051,1764299493056,1764299497216,1764299501712,1764299513205,1764299519513,1764299522665,1764299526142,1764299534221,1764299538582,1764299542037,1764299547853,1764299553245,1764299557945,1764299563461,1764299569872,1764299574068,1764299581157,1764299586229,1764299594677,1764299597100,1764299618490,1764299628118,1764299633137,1764299635216,1764299640677,1764299645170,1764299649593,1764299652256,1764299657218,1764299662625,1764299665674,1764299668749,1764299673561,1764299678612,1764299681365,1764299684601,1764299686849,1764299694313,1764299695857,1764299700711,1764299704566,1764299723147,1764299727361,1764299733812,1764299737851,1764299750787,1764299755531,1764299758286,1764299764161,1764299766994,1764299786651,1764299794922,1764299801146,1764299803671,1764299808543,1764299816023,1764299823074,1764299827279,1764299832387,1764299838032,1764299844178,1764299851726,1764299856118,1764299861083,1764299863328,,,,,,,,,,,,,,,,,2,2,2,2,2,2,2,2,2,2,2,2,2,2,2,2,1764299980271,,,,,,,,,,,,,,,,1,1,1,1,1,1,1,1,1,1,1,1,1,1,1,1,1764300015508,,,,,,,,,,,,,,,,,5,5,5,5,5,6,6,2,2,2,4,4,4,5,5,5,1764300034382,bachelor,male,white,25to34,native,Broccoli,all,attention,"Pie charts are bad charts in general. There are much better options for showing this data in a meaningful and concise way. "
amuykpz,test_study_id,test_session_id,bar,false,1,1764299565351,Microsoft Edge,142.0.0.0,Windows,yes,provide,1764299569983,1764299573388,1764299578877,1764299582495,1764299748748,1764299766835,1764299775213,1764299782972,1764299794798,1764299802718,1764299811286,1764299819776,1764299829137,1764299834893,1764299843650,1764299856076,1764299861752,1764299868341,1764299875386,1764299883306,1764299890221,1764299917527,1764299921687,1764299931213,1764299938105,1764299946928,1764299953387,1764299958878,1764299965809,1764299974004,1764299981655,1764299986724,1764299993504,1764300000558,1764300007586,1764300018234,1764300027985,1764300032147,1764300040619,1764300044872,1764300051968,1764300056971,1764300065410,1764300073333,1764300087698,1764300097746,1764300104913,1764300114160,1764300120479,1764300125910,1764300145865,1764300154905,1764300161713,1764300165009,1764300179865,1764300187571,1764300196322,1764300208459,1764300219031,1764300227792,1764300232198,1764300237495,1764300242739,1764300248316,1764300258483,1764300266403,1764300272986,1764300278276,1764300281665,1764300290696,1764300295984,1764300306373,1764300314050,1764300322624,1764300325930,1764300331636,1764300338868,1764300345672,1764300351296,1764300355360,1764300366404,1764300372722,1764300379181,1764300382369,1764300389849,1764300394465,1764300399596,1764300406255,1764300411926,1764300419414,1764300427543,1764300435422,1764300442702,1764300447742,1764300451734,1,4,3,3,3,6,6,6,6,5,4,4,4,3,3,3,,,,,,,,,,,,,,,,,1764300537354,5,4,5,6,5,7,7,6,4,3,4,4,4,,5,,,,,,,,,,,,,,,,,1764300618026,5,5,6,6,6,7,7,7,5,5,2,4,7,7,7,7,,,,,,,,,,,,,,,,,1764300694395,master,female,white,35above,fluent,Broccoli,all,sometimes,""
rhqamfz,test_study_id,test_session_id,bar,false,1,1764299015500,Firefox,145.0,Windows,yes,provide,1764299066840,1764299079447,1764299162529,1764299196945,1764299794851,1764299803862,1764299811671,1764299818634,1764299846907,1764299853593,1764299859126,1764299866551,1764299871753,1764299878913,1764299885886,1764299894077,1764299902209,1764299908324,1764299935629,1764299950906,1764299981664,1764299990606,1764299995146,1764300005353,1764300016967,1764300026089,1764300038665,1764300046751,1764300054919,1764300065416,1764300073892,1764300082571,1764300093755,1764300103791,1764300115309,1764300124884,1764300134375,1764300138962,1764300150175,1764300160006,1764300173067,1764300184173,1764300190213,1764300199336,1764300208850,1764300219704,1764300227590,1764300233939,1764300243754,1764300248522,1764300263941,1764300273000,1764300279403,1764300283701,1764300295991,1764300309488,1764300315652,1764300324187,1764300331922,1764300340241,1764300347703,1764300355691,1764300362707,1764300369374,1764300373161,1764300386325,1764300394603,1764300401260,1764300404908,1764300413137,1764300419690,1764300425328,1764300430558,1764300436858,1764300442524,1764300449692,1764300454707,1764300461003,1764300472087,1764300476800,1764300485719,1764300494441,1764300502260,1764300506074,1764300515154,1764300522899,1764300529744,1764300539835,1764300547279,1764300557401,1764300565300,1764300571547,1764300577154,1764300584143,1764300587208,2,2,2,2,2,3,3,3,3,4,3,5,5,5,4,5,,,,,,,,,,,,,,,,,1764300680345,4,3,3,2,3,6,6,6,5,5,5,6,5,,5,,,,,,,,,,,,,,,,,1764300732302,3,3,2,2,2,3,5,7,6,6,4,4,5,5,5,5,,,,,,,,,,,,,,,,,1764300788642,master,male,white,35above,native,Broccoli,all,attention,""
